16 365
Bdsl 70.36903486397706 31.109210224491292
wlnIu 3.6880727486494957 54.27203494467735
bMyp 43.42256262739559 96.83092860812563
LPKXjWZe 3.3222435249412485 96.01330375105924
KWERGO 94.03265286373355 67.70577973918242
CXwCX 58.31160271199776 19.76241657737009
THjLWU 63.38977204779172 98.72064301536591
JwHgZhM 43.10829008063358 62.18332189132345
UcechBZS 77.27010263524437 37.73902548101896
FdRbSK 43.19791076944316 38.530793265278476
RmEdEzavYf 17.472884817573476 91.7120342263635
rVbG 61.68482553602097 40.20590995675464
MMZmJRKN 45.30364012996485 26.165408657233957
FAUhi 97.65525992449271 88.55460708476976
UJzaTWoG 57.10702219110786 83.99281582976096
LUQbIeYvv 59.77485460607264 75.10163892345759
50.490554411184874 46.11071113380969
80.26268176636252 76.77836042660003
27.8949737128806 96.29256462443861
66.49560706890398 54.689676642798155
82.40870315681619 38.35948253156482
25.287791893273194 67.3624508503127
78.93603177667401 44.2885868977033
52.607843234677496 8.601334256462145
9.578393853401412 48.21974828139002
28.219645886986765 2.212706785272811
78.17585725195289 83.3788511451371
1.598905077223034 91.01659400237988
80.12728201275048 47.78166237846222
57.347313449630654 46.30572577629799
46.10659258025206 90.43769525735927
77.65633599643706 30.335202053362764
88.03371830519102 73.92363377695007
94.63103345673075 64.7417726422706
35.81721709768719 76.4363033480387
45.78658667376507 93.41208442481764
88.98194168079017 47.05680859776964
89.19045785322746 29.428262101183968
5.663765688498801 20.860566620854527
69.20891909713379 21.58908871429237
90.57664357187072 99.77977587591236
80.75609856719203 67.1024226403715
2.0687906453133897 12.057888003633877
50.702022057077464 32.53787626326734
62.39274806203985 10.830056117263698
44.454346324685105 88.8849841394069
73.0061376603175 89.90358206301381
58.39156882253167 58.067399833219305
58.50231168739099 89.2063851664568
22.456327320738712 5.848444775838324
38.81990205259478 36.79892387872338
50.33979125307218 68.35528303215901
83.06772381419248 3.1173540954985035
69.28461586067179 73.76233457519379
84.49733764071428 83.4651161116734
66.8320105094224 3.568845238158047
17.217666180540036 48.908089273411036
7.399247286804722 38.24232343807793
49.90225248446741 64.93210374991116
21.68031376737233 39.4624875525283
28.236775491843236 19.34226753063323
6.376083520205944 40.17713396132567
45.12496081003543 80.3867618972032
16.547165816614196 56.895593829612665
19.65726858469261 70.93727976618342
18.54488290146724 12.372436630200657
53.617197412033626 16.662348393641434
4.4912982202390594 2.956209651291164
57.164392491814944 68.40571470371918
76.2982537668065 3.823380826196243
23.91250480022087 32.802528924921816
8.719788683996455 70.91911761155453
46.84278403302938 9.57231495179588
38.50534373011788 84.10882627701801
78.74023860958498 11.814196116694298
37.82499493924224 72.3061060636058
58.47488000958241 35.13289046486665
21.0074635222638 63.53890701530709
99.68487610111497 99.13096806491139
75.75079295036765 19.290234950689666
2.742599156675374 69.77019296114688
91.53963116571757 82.42809399896936
30.065440742057646 23.49481983695334
71.03451085973165 68.15768837329875
94.17617474594901 2.37469092945114
23.115042976518296 18.067583389510776
42.64101385122595 74.80383710195136
1.1136257096695856 41.01344486353901
1.3803023055313002 72.00531203642264
18.794714988965488 6.750603788865095
60.61102349590589 93.33579083677942
8.187684835046017 61.12008582817114
72.49568058341545 81.10700133702584
65.90937178793098 50.67324608817327
58.0986379446085 9.250153739923794
92.08846407361868 56.7460200557939
56.564578802122156 54.136459442961694
3.2347552186393846 88.31462987359218
10.463551877325116 12.283289498824379
78.3935131723828 47.898016365209784
96.57761351081457 91.72606249390631
41.13990347288603 37.65839220832562
61.2421837694794 93.96326435861295
24.024962293085984 88.53974733387565
64.28374023221876 48.2331236926542
62.73493650877787 81.85017392983377
60.38014783154638 40.78047581149459
14.326367067381895 24.965800536817685
21.940084718296227 0.6633255159800289
58.320854196291585 2.759793878203909
8.254424315998865 53.54186542770199
31.25197156081225 94.28835632370998
30.861964331758408 59.56678392252518
34.654434311623525 96.12171754128237
54.91009853961957 35.988569687688596
2.470333935478075 51.41718637214683
76.78958538002847 53.15725095864063
68.96485654755834 8.892350702237806
71.78977881489934 62.78951842078556
38.38671502621334 74.13029728987686
40.14567612490582 63.071982337113816
10.089524484039291 50.54839673579229
92.32363743527685 34.11173346781423
92.1189773247827 26.796577120343667
99.19822487614806 45.473120173161064
63.37789091254271 3.079428810630458
9.126745311636675 15.536267161969485
29.18930067743075 45.014659749765926
85.91640641226529 94.07052526269666
96.31808332688891 66.86742120603164
47.11881909522031 46.900351865406165
15.821523611660915 96.89294192897647
21.709166984355743 47.3137319545476
11.201721149277677 47.04787672081244
17.874693694412013 62.634644816369466
2.837176977121636 17.666200467142602
9.78587970824517 36.6700593709087
14.517181945166724 0.7858594295809151
97.88679072145543 29.941510877393696
87.96922842012039 76.98082426225142
53.65965140461273 86.11493380525523
71.94839449962433 54.22152799195502
28.55712053582594 82.39867681448561
66.91188285551893 16.97549792036638
49.686404210250615 78.57131144961855
19.09441098862683 82.54661197369603
73.75988687695538 10.286481758679834
94.68581700021225 36.86029072582186
5.02240810993162 92.93448269213194
21.819343730474117 8.883056440853633
66.22901691149875 19.532989912367103
7.64977272987074 64.19181762735317
18.801792326000854 67.47180838387567
92.83212677108462 52.07474939337553
36.12975220510315 3.563218802391066
84.53899883855624 81.98900298103811
93.71542263766804 93.60144635183869
55.1113176053406 59.19830605288482
18.86494272731476 18.52268433550237
91.37848957120768 9.467364665172063
58.41259587637212 4.86656679677121
88.24486923383462 15.859611624789805
84.87930372438795 74.54162386683709
82.36944123368848 3.946139469740839
75.90905785399956 11.571422028862276
13.537839801690454 64.62916738839901
80.59688233015916 54.013384214355256
98.63912425165535 46.72978557581534
46.27426531859737 88.52150281661993
40.13954809211295 72.18169667859186
51.629246921464286 17.751028964326853
65.60265840534196 58.04740870927474
82.68773219725169 76.55899924438117
74.87129322342496 38.64660930699646
49.25113788578298 57.232952523784185
42.05623751025782 49.678963671711195
51.65903257350383 84.94040326224773
28.612870362297706 62.56394363146782
46.043928167732965 64.57326637661802
14.667250424435052 60.992456264602204
85.4433864646324 50.73638091216137
28.86473459018244 85.08560632394678
82.88264522701925 8.88161407370599
23.09606500157836 78.39037170537392
94.70172436735983 82.23292285636494
61.6533284502631 57.28521380163243
49.64447409815212 96.35246769438075
25.915373949239417 5.753691127378524
88.66274520417579 17.850392133935244
12.902992148158553 84.36002329161694
33.901437505535036 95.3615457722833
21.232001660322176 42.61811779626748
34.5168661406669 9.506244380935891
93.30904489799329 83.585993325774
48.71115303004442 54.25840432592525
4.972624933843917 44.45107204412005
57.92735238820492 23.49197837817577
31.575925872053624 59.33791490145749
55.18493145326991 97.68069453571587
69.71122699617999 82.3339766665279
43.044140585080626 17.098762907825748
42.46049586233761 87.96970815450734
38.469032318864734 26.390550413189263
46.07487571954558 93.69879173708856
37.30871173782895 31.716075149311706
6.95347420861161 78.95479177804924
63.467932730028956 46.45898599970979
72.77126067276266 71.68626977901505
48.06567787004777 61.540888151359226
13.296556708227246 52.14184836713315
79.63347856085393 7.749453761476066
45.24176157603574 90.69758530474239
85.08613547342352 97.13299192682655
58.58217776738199 96.69359701052123
46.237916471273444 19.878522987645376
51.11038081038603 69.71610665908116
8.876608888040094 52.098776652106
95.74795936453995 56.71304221551016
82.57545569903542 37.06092379404529
28.25503732596034 62.247273903528246
31.59434030746786 11.839351352407224
52.33524350541929 45.370701084845564
91.33126230056756 6.557273324817903
53.04212635341544 68.30712787395652
51.81881419192278 34.08851779889815
76.9864714468836 18.503971718540257
73.43838408364448 0.5427235226107219
35.181945660538325 45.284676958172135
35.072067220446 98.5854659538375
62.610394050935845 17.710684370266293
67.35632604220562 99.06291522953312
94.2585403130785 17.424355368863374
34.43100665114973 97.95461394587437
36.39918021539954 62.76993396233732
86.080761707584 3.0808176806844445
2.915192816367662 70.69570513885867
37.106109302383196 93.51854328523184
5.034380845663589 36.96209595469836
19.93561241861055 81.05065982693547
7.149168610956025 94.48409182803736
92.85898715565746 56.98316856171202
97.35552173505614 30.71267907571351
24.322165071224767 63.67966755339356
16.06402894243696 44.834729418817275
54.06326969862237 86.92804301333375
60.78144884310023 89.01097106828301
0.876431042179715 99.12195911516058
23.676066163404307 1.4926674677113283
77.92205881060312 65.2017882857574
7.430874136205301 13.081570310338309
10.075314811042023 50.80752592892909
74.9923088538745 75.90924120516632
81.75860853708569 74.73799092972364
55.90103712431422 63.80253196972687
78.91724550360112 2.7753800931841877
90.60177820385205 47.09959021028214
14.902798903605884 46.5870871529205
51.718091688864895 20.65989914188069
2.962810711885633 2.0166299819069367
1.8078799331313622 58.30382716561417
79.52829986700385 46.67505631018479
9.737019708438567 39.342688536886506
7.2309222945117435 67.3644065746567
93.09755150418546 76.79455371156398
32.40224978470189 85.53016874242277
12.856358456945161 68.88410423425039
67.16526839073755 70.82866740454675
42.92051924954551 34.10226877270779
64.56813554362469 78.07377247383852
18.263460747511072 21.80413223812233
92.98983207139379 14.251098330648693
88.48778047218094 58.564750880903574
35.046061435042745 12.267482140692355
55.660644186128316 82.7550230120867
99.92607153868566 72.50623990545327
42.386208516310134 84.34765809324344
28.721156259096215 47.902220286901475
81.5854582007523 75.27085544583835
58.03415027299348 18.506740327224335
76.05327551924537 14.061556195637658
85.69344243257629 56.81619378222065
57.570643923188214 60.69185673672677
11.956876995693555 97.76584596132254
72.11813211189055 30.38346703034931
73.4087544962419 24.101884473531708
91.7286898735311 83.9640830119118
39.14505224880733 3.6956520987557417
1.7494196836097653 39.17744344874908
98.25450983599114 25.309930647273703
94.58677342437929 77.02153446918282
53.27791930651088 86.77722882286726
44.56149887115992 56.79972643815925
60.64048017599259 33.7709921483268
45.00782924456572 21.868013662834016
91.93420616997562 93.08250316938158
88.9870089325391 11.728076687744549
77.01270171681462 29.294800359760032
76.97158382049021 41.061864321294465
22.803477195181664 62.39454291290719
48.65150639643583 84.04118073667163
39.48706789448161 65.20733469252572
41.785855541506464 26.690389489547385
42.657017578435486 44.24026283719306
58.821700551303834 63.710739765944766
91.08607891527483 15.158186277014163
62.7675274969254 15.810108039187998
77.78462069291093 59.98442844141309
34.99529053272414 87.07713900309338
5.479709270012179 15.147712134298052
13.836762218939713 71.07580593643742
47.4192187175406 35.89901500726397
4.745780912790465 80.38446010789299
52.49301928389335 68.41809056995588
69.30218131603137 70.78747052966791
10.683370504143818 40.7903675714991
5.9662895511438325 98.10045524193926
28.144415298173932 29.832798374840152
91.21617813752064 40.5745997150586
46.695905892718805 46.574122369926364
81.0040598643801 51.471573469670794
51.58478622047572 67.61528976314818
42.993527882363594 29.997550261948035
60.70391874249291 38.1804800906139
54.48839851457103 26.094843677713985
32.51362400931714 20.953046484724002
57.439385559265524 50.30422603707076
49.60986746292133 95.94985132773071
84.9800290374157 55.581392741144285
7.948740248377517 41.76198891028987
21.368160526381686 45.68139533584337
82.1486505155628 34.84517779191055
57.443837729914726 53.98862993466286
40.334568872837174 91.74568613280947
98.50984665088961 6.095550644326009
90.39086765240718 89.97491118446949
77.41047083977975 72.62311042271844
47.09177915183138 50.64197187980044
15.28892021601248 8.937636948704085
86.85784665041659 74.56428875813246
79.851188836965 68.52841573008097
55.71377160225117 36.21994575973889
20.700673784036983 33.25238527700558
73.76014526469523 43.240394503127334
39.3193922448552 10.197352097505007
28.731336722354882 99.96151345309464
96.51459934418759 65.8432425052787
5.632656587207663 31.30638735745982
73.76252992216402 36.35217618516188
65.84353992467341 20.23183645854192
32.95226860379871 50.68714686255025
25.345077270997052 19.841696427133172
19.704108584030834 61.81973751567003
11.393828386017802 86.80410361167193
69.27963134539847 93.48900415894605
84.24408386826835 26.438314890469382
84.93983300054995 39.05251664157768
9.143182700924857 60.37251814323877
0.7717888742936663 86.85950764275432
87.84510763894986 72.54661902021844
21.42947620871871 77.09317529028024
97.40960586237698 12.586939581773372
67.59369693441468 69.59725072518115
16.34743945148006 39.71025575095774
84.95789083733388 40.40561878606857
51.70152254375699 99.90795586314528
96.20035343459048 14.518261199979488
67.52836448794753 3.0145920923526637
15.112638016360059 82.28341423067376
8.895521594625144 96.66029489797694
65.9761150757397 3.9108346540182803
39.39246313656595 43.47649495763696
94.07857671277866 33.52840401091177
98.6452671831899 6.138608382525746
73.49682259152587 6.812003369894171
14.290850072687578 28.359611068321687
90.02440608530814 42.28993808181701
56.169798309995265 80.08200596743684
43.12360944598801 9.436451648307887
59.442011829720734 78.7546651142117
40.16311914824995 68.63309774648944
65.90440693476046 59.73123671062146