11 211
ixhdJQRe 76.58209892524057 87.585574240967
WvgLE 89.77577870679124 0.5761508216931999
OmXCtVpJG 91.81721614266122 7.849609026550574
jwm 28.222868408734826 99.73577015802961
HJGwhDPhp 67.41338382444894 37.69725317802091
dOU 4.873178115411003 89.51433417784375
WBPqGI 76.93239720282959 33.66255812099739
QpDMAca 67.12208162857983 56.20920894683545
zgole 69.87825499086682 45.83058382885118
RJrYpagjr 11.354457497482173 70.62238417691604
QlBwgXDLtm 3.3073243636377425 22.182202932472627
35.607174974518664 30.117606734311774
95.32103440242842 41.890259870275415
52.02861950882106 10.063265102171304
12.348828521561849 47.21289417601437
94.15139483744153 50.59881843981632
56.31016615740979 20.29188625637346
58.377917036610505 27.806794603138908
48.26290287433053 99.90129479841369
96.48254080366804 94.6300900213482
61.49538444107262 13.10404722959343
47.485596417643364 19.354526322798083
86.00051051383866 72.00307521648293
69.79630599103504 52.75691594156908
18.87039464044826 20.318567235862172
98.67029656804768 23.710097782811157
78.79851795791589 88.44505527365246
58.07827780670449 81.81990293621635
77.59933534327294 61.41433123949005
74.60817861900438 76.4786324655594
37.15646326509342 42.005058658619596
55.74533204564667 43.11248020949986
12.61223318477952 90.5996961500832
66.75151476971288 13.232516513261771
33.20148134984711 94.21327565970984
98.40864271456702 9.747381290642721
20.373846808816875 42.601754718977915
73.71398114952291 87.85049115945023
22.789976514293574 25.111861478492937
48.97709245951955 50.55559508149461
56.09180840165847 5.2567372267100065
92.21163936245631 84.23116744149281
17.93454398162716 1.1407886882046525
98.47894909844453 26.73450239170051
1.6644951290654797 65.22379027072553
97.55335971181937 52.71228407859826
44.79431520597974 13.190491815588345
34.624889308823334 44.26360064613486
41.648198052814024 54.145075492786766
79.33517996003883 65.79863044334127
42.69819926531861 16.38077359480583
41.319007950249485 15.513757160922658
89.8260086904755 67.63237635310112
97.88998957405967 33.21516058302958
3.678864750549049 36.62479009190817
37.46474026263413 62.6753984354964
57.46732502428588 17.840653774485205
84.61741570762823 17.867889274306282
65.15237907569528 73.00310629277487
93.07167323710169 2.9061650646621917
40.08579890973839 52.91545334267184
99.85846075113108 68.88464060001776
82.57375175488373 65.50185495755386
14.648772897631968 36.52529321687612
31.443686229192135 85.78591839125079
58.49716481444961 27.990048551670277
9.962386697292958 26.458196582804117
35.48354178087776 38.562899713193076
84.73116187449924 57.32597190706088
68.03626129978491 81.22677083010917
9.71189577810213 55.50745301994778
39.136138996556646 95.10127843595893
46.23750758876209 26.742098676821424
46.391495507907706 87.27428931374833
67.70955532119761 86.61920861670994
70.49191690328146 21.094260521129193
77.3160344958115 30.874476784105063
64.45609092725532 37.99931100524368
83.35687773910371 56.641827148548884
81.43587310838241 92.94638705209051
97.35575323144778 64.88112549071936
73.80859796931924 98.3186294896515
49.4179163303612 1.1005374031911042
76.68816554068783 34.3979578559581
99.73973804223124 2.1347015342116693
71.39094943054555 52.761703831700714
16.292698342460397 18.59118974271301
53.69202624244899 21.82696981125396
65.90283342550282 74.54033573233187
13.026270122758987 1.5707544994226996
90.30377483808843 82.04842927387776
6.774192555224889 35.4014140516539
15.865798960409217 91.55030030974399
28.74724173804093 88.43826290723152
39.194804553155116 51.49323835256369
70.1766516117572 42.36587978575111
10.584487299479084 90.12633645227375
73.73620323106176 35.71286342440152
54.319186742615365 87.55033321017699
67.7396391735002 6.742217981305576
11.296434404039724 96.39670058634525
36.84379994544811 90.87459387517991
70.14083058752817 81.89039092556956
34.138615935157276 57.157404792883895
42.889186481409844 24.68930994130436
55.75690255635186 6.475072987013785
72.71126507344516 17.70594675641891
82.20434413988121 4.251821080547169
14.741435060247522 55.54217654210664
38.70627225866225 62.20291467595958
95.079734727862 61.48020327703016
71.22239971841742 52.84907821143211
71.16394439705864 81.17305699962375
96.21999274794042 6.023614043832282
19.64075001406178 75.89071472457377
69.6285284743198 76.8229795381212
55.493915162789165 85.16940267170511
83.96903328575296 38.008206974983736
57.95529240625188 49.099720453306084
35.68631760945604 89.50252873901286
78.85972330497373 22.778380006760557
21.934604429240025 98.41701879163878
39.306381716090065 84.12383224660483
27.496974329173685 65.44221018752305
95.26079430283576 68.00485518310788
12.951100160423145 99.83915283682097
22.691490225079736 59.6516926998056
65.19592177005242 13.239106507942155
45.967973215420585 44.78662516469335
21.911553836750443 70.51230749029808
11.783915701668091 54.36175539961611
45.07233192862841 52.240535966760234
10.546127057930121 58.67527199146967
87.3866115913829 55.943228520008695
69.83497471387335 60.4486291909834
11.38961661891721 80.957507769665
44.478967777822774 80.15270525913003
1.5003313149380748 12.462057601236797
83.99201761353984 0.37052871804199583
7.67665636622199 95.52937805902079
36.537915576948556 75.5156701367422
69.53834018318781 33.75613329477283
89.80935138438512 43.073957257747196
66.8623248020573 95.84991580693601
7.677253909269877 39.387445582675525
50.70863208369776 13.856024412341716
30.946206547967147 46.709696368759815
48.965063240673054 15.955462402254328
20.63187840044004 87.96944744976241
63.13482664490231 29.55722407258097
27.37049746121788 58.70408331135596
55.5655743136359 18.44533134762204
86.39988376641364 22.63274211348375
46.45512234687954 53.44805409426324
28.705240208344087 63.46635336097292
52.304930533837336 48.56297760686883
0.9063438897706999 20.141606300312475
71.83030283922804 51.6918352033385
22.904469062458954 30.49186853201138
81.80223578261699 27.616633160963644
48.97836352329371 90.688872464779
63.41149958638695 14.779870480781732
72.84706386736711 9.292643071068895
79.68670260747494 0.9818044873739606
4.486691642099716 14.544791275590462
72.64531050156512 81.27810629944688
69.48200634426475 61.766108805322126
20.397189817372563 74.58310286901335
71.50032355242244 12.020152287269582
85.12321288081449 49.148477669907464
36.64658673040226 13.727394187077168
63.208527111643896 8.716099031523349
42.74020902692961 16.359454076907763
20.789250820347217 24.753497280923252
5.037578917800689 99.11417895965863
48.341392872411916 50.00554618091439
32.33488398279375 58.252667514679665
15.311415351536228 55.91545740378062
28.028781180855212 28.508701573074536
59.74216833314973 49.8612105449847
32.49154372487316 94.59867218115356
0.932360569212487 44.74110701995342
71.552978771507 58.90721672645564
71.15090302175389 27.18789315104495
2.368588330028021 21.36603642562951
32.53528849070769 79.33691518433199
8.460797687345655 65.65234748538086
53.453792024841285 16.086525863943347
3.9027181361177554 16.71952537025304
94.10355695135723 77.7949803485708
39.563926630001944 26.094585542143967
62.994684207737585 44.20832218581771
35.107751392554206 44.02023643110743
46.81907370836489 16.51685731588921
4.049786099711161 62.19516708935375
97.30193726226855 62.789129997509754
72.09830547653705 67.78592306234697
55.88344742774939 22.53827750272901
99.03385159539816 76.38980297234345
15.33523587163823 48.479461525191155
10.205671049241982 81.03563741511309
59.76928717390019 64.56361145955003
1.6093788900958472 20.947063143421772
35.3558416238156 49.081839709978844
48.90881387792763 31.9662899457272
41.5583042082686 84.51502564539165
10.850182302934819 17.104802912269456
46.41680805396741 5.030258605650184
99.44074124412474 6.537674608049226
6.384667545497457 25.153836000755792
88.38052357076704 41.352644857575314
87.66608325124817 76.5403573725741
91.06460335765509 54.92410000253663
7.789581748992081 28.05456777114931
20.432415894102384 16.676623535976777
39.219384516792346 54.49989588873182
59.446029244676794 97.80902585907741
18.563715007519743 27.96830098523412
17.006165458141098 65.46122972713876
10.190795886679794 58.80253348364685
85.7744243606801 30.989872080134262
78.29224306805655 96.72142228162362