12 386
DBskRyCVAS 37.4887993645051 56.674740013083856
eeLCGUUNzs 41.30911826769821 33.12773305610073
SJTeIZPZe 37.738310907602546 71.7976960723221
TcpRBFsSQ 57.781623256549786 6.803689979164074
vmQFLNry 38.80929839436105 63.441680470151155
ykjz 25.23261241505206 29.796219991063555
OPcOENg 73.63015922448095 66.38043544971744
gFAS 7.204823086950951 39.5300066746119
YsgBkNPM 24.70198056042644 88.80583274658508
MRZTYGPEk 25.146415454360337 81.98481857354393
CEIIeqecP 71.1280673314486 57.075568988022475
MFQalNdCy 21.6351798764739 9.581122791984587
36.92479350456404 61.51357258006056
86.36926631369563 94.78339737731034
33.74431705123513 79.40137503409925
1.5898977432286965 4.825821013584175
14.706805004222323 30.90438706221803
25.31615512368588 32.07446736225511
6.699966093968213 58.93650817184732
2.965292823935839 32.94507238036354
35.915837971165054 22.249446076164546
56.758191046540965 32.52540025559594
0.8083712039742674 90.18797236725014
90.35598916027196 94.73133360077652
78.86034438288353 54.865931753721675
89.3036231092149 4.28665967191394
35.976180445569064 28.56113129205434
12.690824512772359 55.106638773087944
16.611177644185382 80.58516920006531
98.49694566764815 93.4009835097665
18.31221746368189 79.01769995194633
41.0780007047948 66.80431949256683
96.12187921603137 73.68408569402818
36.64723117940536 78.86295267683874
90.74271100001805 70.97057238746399
59.30466725457587 5.24579133246511
76.25700143957533 52.69995239980663
69.99831700719001 5.794024386446295
75.99693765486988 17.525290591398367
12.17698072418566 50.49502963621576
44.901093852835615 51.026021229183094
60.21113933843304 24.885267929058983
19.562271982188207 74.27477623592253
71.857653394584 90.97368592197293
31.260214138893595 83.5592964269547
91.63850457999172 41.32972018103549
94.53677475176178 60.868839547565265
88.21144531912348 45.965276656102006
36.96455552392964 12.526601961359674
4.769010666481 93.60927358654372
3.834709890027943 57.92315886622118
28.877755817892204 81.41803611256127
16.746353596685527 60.05028618701981
97.07732100720578 86.72640673302307
85.84379109972721 0.12865600145902656
76.3874170792494 82.69848584845533
67.10948485424893 76.45452838483293
39.89955024080193 98.36210926935773
43.78837053629875 76.27180335146373
34.52505847716487 18.680037498925415
82.55053580314647 93.65820240246924
41.350994581722986 79.91327939823617
49.587800964041676 50.529468291726886
8.33787334232744 2.149564886117772
63.295471697777 34.51204504514352
36.21468327444583 13.16595607433313
29.44781892554059 20.967502669465365
62.26314629283964 3.946538553942436
71.41782583779128 6.195694287608933
57.08578611446767 85.7939525351575
90.17800685290328 15.370627655016145
34.556399546249416 6.325937515304458
95.4093918064588 28.287690167461598
9.695711719692412 32.547816716300545
46.61049209569449 16.339833652693436
40.46723996766076 90.74472558147417
93.744022712774 25.188859771543125
90.7825177604561 40.024154384024634
88.9668133901465 99.03751575545064
31.65020160528973 96.86973906796216
37.197423402526276 23.247734035454272
25.55136099279697 18.85586800392933
74.29236843181909 11.696498775453945
56.06594749664438 93.38844636754492
47.28222258545885 40.277446109574
55.34730479085975 54.307965283404734
51.475861584892314 47.618948697313336
52.91556046957162 16.58375837781254
74.54175396448562 97.80236789401465
18.843113664741452 17.30189695629146
33.50245125750825 34.05651058216215
80.99386279025524 68.05766645461172
54.908877021935865 1.4295569079614268
17.950136208940172 74.06861945431532
29.068048703364123 50.18775731549559
24.64612410419643 68.62795484212178
2.1639706110729517 60.690736260729096
33.24366427033419 64.65528081487652
22.137127039899585 3.0546290034982326
86.55188302155776 73.7002260645088
15.757318446095681 73.87173567297786
69.93054040859704 39.86687579629299
81.84792304947422 74.9399307704459
70.61393471742828 0.5824791717059075
34.42018663140026 30.271430552556446
28.65030892057786 99.34822947873356
80.13722160999086 80.54635529087216
14.92200417607087 58.5656527732611
20.822454571884 80.33134341852389
36.5911593170794 76.52651041483124
60.86838098898598 91.64638209293604
84.47059103109464 20.856697749941755
23.40041315559953 25.90663916430296
7.373259780370001 67.24697789083123
58.877816478170516 74.67840080742657
70.1295745343846 84.73406588594408
93.88205860145084 68.65036755423668
37.689303248974284 24.905262903445603
97.01471202509397 66.02294806490339
95.77112247148179 38.35916642531746
59.76284648869655 15.003252837513381
36.28276482766197 40.12301114743693
74.7791760297643 91.60506628853882
5.1121809640020555 83.90783137444198
13.044703515071198 84.56939157757338
45.27542001737107 65.33269119828343
8.385304882676303 51.96036118802534
46.65287966337465 27.698270295910877
29.223067512975696 99.8136523554434
52.00228083130744 41.28939602434284
18.55009065322588 50.0888186186839
26.104860236271087 50.505636396949264
59.1662046881927 8.093456715287918
73.26316013736891 7.787482977467497
75.47188819409828 4.8371780850265385
8.347470435923231 48.30497301595905
30.77073820606585 10.434059740529422
27.829828062608364 8.288542455948322
35.89771248322582 67.40724211440201
96.90797472605556 47.98769024908085
15.421159981102994 58.025238598754655
99.64576162255298 99.1299392145743
36.878601111143574 5.452782544958678
97.52086690541198 80.90725913773954
15.948312603801174 51.875019426247235
13.20709119462018 38.71886337102328
73.78935166125007 78.65117880400256
8.359379789699728 4.999096807544035
81.71767485405057 90.83536391356606
32.96706568564461 82.43936962638571
68.69935402176257 42.6026947752567
48.3062450287627 57.018091769043764
83.24253839768998 40.116949708063885
56.683554645173075 56.027749984184084
6.2678303684860275 98.48908804232273
61.19552366220328 57.42407657895867
90.46486136159506 12.562022197836065
31.652129984381617 43.291573417750286
81.01247285978012 92.10936186650743
91.41086830556651 52.18024387567433
54.89602025736099 2.733732614700546
12.48607984850495 0.6559837272351543
37.34257582733424 28.9479438212109
70.45177923705253 7.369828017432367
23.623402676213058 2.213275472890519
33.86496706862798 23.677141063485287
21.448381367922963 26.80410200938239
54.720891721447195 15.045039014674789
86.76803795189923 53.3560761450143
67.26729534474383 36.36821530593792
56.17128753279008 14.508990582969316
98.02344239052634 0.43553406461270816
79.8028553965072 83.18322838576896
55.04920320782393 92.15728229025659
3.509421650771949 26.2211787660376
82.85199396888645 15.79954552704389
26.81386060136317 27.029406314609318
92.59179104772575 53.7902128925156
23.78715285780585 90.79657385603387
85.0595147894548 83.67761434082524
84.00311715647103 23.672846188422604
5.26058173992282 37.70847739589339
71.7427917228147 7.803078892499582
89.79162437781301 31.938107847461072
91.64342332096915 84.59160006089846
95.21493128784203 40.12120292952746
0.5821866870886372 54.31190512579904
80.2187411008789 9.55510683024694
41.81451626776364 2.5622336776041643
44.55314287788143 43.73388367467993
16.585456195608316 19.552006244351738
8.028905546484333 69.27582364708259
30.367155507952546 17.681385651279736
30.782094926934167 29.48010180794931
82.13460062167285 10.83415638371914
61.66750143946682 67.02077413351837
72.35752343628685 21.939739069811527
22.72250054392041 64.11116089393812
59.96826709722718 33.70528789954923
64.85014922589328 55.221566795575136
71.72498142338044 75.0808572069756
89.9145677344454 18.947413289805315
22.40082287646198 96.19672344325313
16.754873452339446 6.840319447895982
49.37279608159074 51.827071385697046
19.625342832574756 37.3233953669163
38.375677191995216 75.90938755570001
17.182129169036063 87.55318294496476
82.5634521529079 7.013650125895743
78.95313268012444 56.21854229867117
43.408639848116515 18.484332064934307
81.62902585361479 96.21409904736942
35.8843323015619 46.794013355093675
7.545282743186988 93.09741562894264
35.82071813520463 96.66701363889563
32.95920647442118 31.2744489649468
46.61960854511603 28.902556938249447
60.01554317202231 77.81826193765431
48.08711468271748 54.49702098162697
48.68014693250669 5.448938958477489
61.05114131742025 60.369541158821974
8.970288077618193 80.46498771974674
88.64799644595386 91.16274986796184
64.87259016914714 45.94140071615498
74.36525370899247 46.62607465288801
78.67214568216642 65.72547120678684
98.60743202539274 1.6779520860011221
6.121469836959259 63.922821159505794
65.70439492462319 16.54110694998254
87.35112493375023 11.105301649946798
15.637100592104325 37.86297034956502
41.15446537604587 99.19468490127421
8.872046809651978 8.047594122826041
89.28269407279443 16.89770277093353
86.92992527306245 90.02300788290728
81.99940536827663 89.79725709450828
16.308581308990643 80.32630302322312
17.7683572161624 11.720910488062064
55.630013228147476 48.51168932391108
76.13576837282604 25.963125827803545
50.966990115231745 33.89484346308983
69.65113714644924 1.359466983621893
50.180871029787745 89.64064824011929
37.19980834987281 39.982088227931015
75.17204018848739 17.22792503176486
34.4391291325121 50.5262969156408
59.33115098470434 89.62975296567868
23.512271963039776 2.5946597588247466
26.852880627662103 91.47712153251575
93.12052216605245 96.4476982135011
52.8989956867174 27.39962906267185
42.29668156936932 3.2049840498516002
9.12361520077849 75.9325291432418
50.325390748788145 43.61711424403414
45.93786756330485 10.217593174172645
98.44066662516647 54.53754049596154
40.328220198105605 13.13624714882662
85.28744462793719 71.10340947958016
70.0575828455012 38.3147768109889
50.54165133904978 25.05111590543291
67.0710326604371 91.21613851537124
28.757969546142615 55.27582999267858
41.158636718572254 89.62577772027967
9.233923085635942 35.96240484648581
56.32054071765993 38.592417024303494
75.52002308254801 7.971600583592043
51.647979296293364 58.31396135091236
22.006650940609298 22.24759016065957
17.622393739691578 66.56516039134287
40.29718117977647 79.18110386077922
56.51883643300043 14.553356404513519
3.1227309250806523 68.27490110830576
58.09635031714764 82.11703684678227
30.173863024398205 16.692609144565708
34.80828641161601 7.786537972396024
58.201633702694075 5.3636382436441865
22.698188368156245 40.56932018461973
89.46335491239196 36.059205030649636
97.32881631609955 77.56426346253821
84.60051415026956 30.734560785703724
62.281946242489006 67.57533334556815
11.721240397147747 94.35104284493266
96.34678213403761 8.21381601628265
94.29960454208629 47.28392178182468
27.98723482243195 95.84679312693413
4.069915474456898 73.07785461395396
64.77489747337071 16.379550601982405
99.27841811287283 55.637445704334695
44.75977796474032 47.80903775135019
43.9401088597138 16.35191469826577
22.06657036885217 93.51344224063652
45.812666598654125 51.22571899510039
15.290209779672391 30.84421140433863
48.08574903724803 57.30178936133149
0.3584295139509419 62.28655930335088
23.98865391800277 85.93465280634217
82.84003124160331 99.65052247440308
4.544789869443166 96.26692829572832
33.11680880990738 83.62539495327883
23.850908045683717 61.26395176987972
33.719283182490365 84.79466164222049
48.43302704546832 68.55289332110195
73.06532606693638 26.31203725719956
0.8386962459005165 14.697844664646487
69.41801436580593 81.27046827054379
78.40261882324253 22.9962789097381
43.01678289247879 85.30663483800728
3.413104608829276 9.64255257856711
61.191610920795384 96.43336804253309
32.22159752201069 88.68401224868111
84.8870665111923 75.58834091493863
91.09435252419445 74.39094529086698
69.66396636442558 76.71948670922151
76.36937636394438 64.35985339530752
25.311179083733126 71.68982641671361
88.98767524290335 4.944472469374894
46.649924937186746 10.181088765700096
38.43206578832 29.32688974001386
31.59865361224781 31.344113666717533
63.41783718008165 13.329181623506392
71.74991698783629 43.845970061438734
49.10876693831442 98.16935623535775
32.451058716025535 36.91417354131657
1.962351433620646 81.28223691581437
6.6094218401906435 60.75565336096752
63.902767392558545 63.3372769821417
12.947006983243181 1.249448948322951
89.02164454194744 58.719340488430646
77.48436827675977 36.57067614595256
51.01528752242941 35.85211257446006
3.707878275381893 94.23647038863415
38.220546800985844 70.22858966627514
36.174836665781775 68.43326544438355
76.58390495560545 63.70828915741244
11.744078261627111 49.73523864613358
92.38451398224792 51.10393959827718
2.5279521448657305 25.743587680882772
52.08668241214846 40.57335853397921
64.23578146780892 60.246687554415054
43.01761083989754 75.41359559784536
76.8757925076287 98.24045268141336
54.36078363685113 77.42813808898377
61.2722119039659 73.55658835407678
72.41047087286822 39.81268599601865
10.747264421911085 73.42153857223957
26.678710974112363 8.811483708491508
26.323749917540397 32.35518008117526
22.033551175530132 41.31387431436542
58.47396509334172 12.178611304459697
50.80505399148713 1.5803810361393
69.21222365851867 83.86058202722833
95.3004410016398 90.0614238608081
77.9406426022243 45.654801540053015
73.61364785713505 46.48876181207998
19.999896079576008 4.015840198061604
3.7586486579880285 28.10115348484138
24.269200782942967 3.123199274699906
69.34613654037175 28.882877497122937
4.581367879188825 70.02469197131371
56.556848024749904 84.42006955556884
72.73109712187116 63.34220521001822
75.47908350995986 74.66770671213769
30.243539288670995 20.69936485168523
80.4033572586055 46.607948944945875
9.754085015719937 56.94017342792149
83.40738508564546 35.22479859847628
37.137368468239714 7.88616484882051
75.80838531557542 79.48091214867931
73.16369925892133 55.59269569773144
21.581555048300938 23.141560714130183
73.18878714535482 88.88384253124461
38.13056043476222 22.28782683857985
24.26391858443281 28.820024824595368
30.841602149759563 90.23146260830462
91.3216308174028 86.11780283593127
28.12972020145371 3.809965623139111
58.96380865050686 43.159820423839
80.72458394751408 8.701301052513221
62.72750117900634 44.17166435014034
90.90992845164763 65.14705256946775
49.70257318913463 73.62380558194816
83.30600284613372 37.68048841313975
99.70654151055017 69.79596276554095
73.96477602855677 27.50673737813515
36.41128854956259 74.38467710764469
56.21774181591404 36.36025639757149
28.756786456561823 18.040887789119708
55.637767276478186 68.57574492309473
42.77014463668313 57.05507293391536
7.990063702145289 92.44246789736461
60.67607153745501 50.99896435623813
38.450825584543146 74.96265477906961
78.36063888079349 17.067958724057796
41.007168345920775 99.95884022837821
32.03215663759096 24.339568940675516
51.99154113603937 94.42472334145825
71.52401936918369 34.65314982098072
99.38892648179176 78.39739524845267