14 217
ahOFilOnw 14.76890154425121 62.020979188240744
etloslCpIM 80.41604348488923 6.248384829836507
itVW 98.66617853061653 58.320716008449516
QBqVcNW 63.91845367954524 46.63410082191169
rdVdUsiru 16.117723067426937 39.9135596048809
jXtwuI 37.864878107685826 70.25424966744175
RZVEtH 59.05156518008729 1.184057283579576
sZAQLifQrW 75.48593173630485 48.760085126112884
kmhjzMb 66.1050409551564 98.63713607045104
oGFibyuz 77.389206340227 46.567084462399364
CleNpRezxW 30.579284949768347 92.92976199248885
QkYz 10.11323649823389 32.977480051138016
EwpNkgsv 18.738488322857492 67.6144708350815
TKr 32.62370681192134 64.91027895244879
10.017886014209676 24.063461323337453
44.16191017040699 28.55935738744988
67.27027281638635 42.558578564540305
87.04657522518686 78.23201544805158
37.74347534172499 22.29937322577551
75.81465087391922 11.434130884856952
31.122264830145795 51.160707590142195
18.93525130443816 24.254221366377504
9.21672519442669 35.12949660390034
26.930934348953784 22.45264113519154
31.708304383722442 74.07716757469268
76.86760658763168 82.81702981773357
15.69103741855945 27.514104393603855
64.6795628743193 34.977158155941325
17.912623655525106 71.0191219734679
99.75732659073627 82.66127947950827
68.0044767190954 59.17414697078751
3.592413679559292 54.030429419814126
70.48351994775769 6.7130931378393655
19.06975899883234 23.5053430489912
2.2274117432446783 28.02638936943064
87.47424695972529 46.504075038660694
68.0215220073747 15.071977980722806
47.660531206269674 42.630870850602086
33.093486063634344 66.30284983058095
36.09798566242478 67.1951353433043
45.22635404291467 5.764003661216288
84.71173331728873 99.65999790795502
56.66619496589627 81.36525201617151
46.52437994492848 53.66468134080166
83.74960519325457 62.13959995889332
32.82228891305562 31.254989047182956
73.28033284394418 3.303690403082371
34.64525947125847 58.800403055386475
5.454044626751864 20.84729606341854
74.70441374975739 34.714670586257014
10.54542291374263 37.07374759980966
64.26900420403825 49.80486575749513
9.534517423081478 63.11349008510655
81.67493448825157 5.281130894809449
63.62429587253906 22.194050901972663
11.831723927073657 7.042509919319562
52.65479152463617 87.56830461154078
46.82044129179756 85.01172540508489
53.96437368922504 6.702567696781669
91.206513342752 37.38840590428054
94.63047952104175 78.35207599819448
28.217574178547743 36.59393955428693
96.49290185712806 32.265058239658615
94.74050586991581 17.757911436601425
4.762447927845859 23.776533022172096
33.0910715488015 53.88094324152295
39.75174750500481 29.02563212754061
81.19370014756653 75.99484194288567
60.65081929641739 39.52695987913203
47.770069529631776 4.6164749739698525
96.32895548522814 50.75243967927611
6.042265883756137 50.88714684700337
25.603044383617156 33.06673560275408
20.238414540140326 83.6647958736924
94.53154905475488 17.895174500644227
69.9650749580079 48.58072577329891
79.39571949806079 28.416371182974764
83.32681454276751 23.5165815919137
64.50162530522151 89.88887135883863
9.025709420568283 9.544204511216448
63.54048347679807 50.09114109654973
58.55443549460857 72.74113481983693
19.878595991749183 29.123157851694824
54.31904703603704 29.348534202341312
34.41469743571937 38.81609015628066
79.77473546344281 69.40856395902023
17.193490849270432 75.57867563004194
2.213781133302184 28.46405750199461
9.646528564877975 91.5043287200975
50.301483273075284 50.82157331735496
39.01443104552117 58.614674278286316
23.660465661822684 23.71863244586725
41.46706089201558 82.80334643610088
5.477934922846195 52.251229458227535
1.6282248797048982 27.30325669426904
83.85412235095431 16.276778575359884
92.11624353756993 90.26738098037323
67.58153295210396 31.615222260244813
33.29675591001141 46.609503067082436
60.939866793004974 49.50888188408589
21.570541831418776 62.72457565970958
11.515204143061375 92.01226329802914
96.37041390655087 36.82603333084135
66.02281303754742 71.04342766733058
76.23149493797159 90.93126418508407
45.88651876462707 65.13246293967997
95.9746074000942 79.26301821909838
5.256994456466513 37.1396332319879
36.22139403078554 21.483611548080606
64.35673963175724 91.30816953154354
25.302653071702863 87.50646695805274
14.327542864564279 92.91225885452742
34.38188096571534 46.49088982555241
96.36771453714194 96.22349653375441
27.721202555751358 28.646877286894036
53.86470343436677 73.76513718619697
42.88983280842873 22.733878945887476
69.22924258901286 41.86884923542134
87.4157840629026 40.05137717099656
29.958994430682306 14.262851538135058
40.96411386424463 19.24199741165503
17.95461501884662 87.90925752093494
43.24628221133027 39.35501415955444
66.88771724543705 31.820196487902486
20.491690455252108 32.28571137406717
65.20430547971026 67.71131134292494
15.201173614096597 86.7065006558125
54.17001139410641 92.5187225865739
30.226825446511707 62.1623054341529
49.5278204186588 63.438158313746385
20.85412255107193 12.812197671639625
93.30093214510775 3.1025617647631343
67.98673619817944 60.04207178247422
70.49109209428806 44.87270231977103
8.665717337429124 43.035617627882296
96.8152105417056 7.509164174676208
96.51161433179689 99.80183197392249
69.44281924633219 57.23021407357085
24.363491814224524 48.13282744374102
59.92327893682487 37.356952534724016
41.94005030230444 6.79471003501273
96.40012540440144 37.458531204373635
63.309988465918835 8.091294427431128
24.50093252972788 97.74379398464677
34.160683234098144 12.097798748748545
7.7330228234414715 47.65861819565742
25.476121834780628 59.63588117277453
80.59950400711512 97.02460299691802
62.891388988811755 2.8057087714799422
35.23620712195675 28.053214655215587
3.6374627025519524 41.453095762176375
28.217149452207835 94.73124518812868
65.77555228527116 70.51967647430149
11.010708256919411 72.87557804529207
70.24886339330297 67.19354991283181
14.230942449561478 80.79250447046819
45.78486160143157 30.073823132927057
0.9242416454162017 30.458424359275437
39.21294002597778 98.76705450673816
35.33343506078336 40.428842547823784
2.176507393584992 25.76502170924674
83.25269035562343 87.395247949968
14.37360636303704 42.56670610887604
70.7208392951224 93.74640834030355
7.429684861648356 6.452809006964111
27.36553174245133 9.318576102986341
42.69505857220239 62.11917547990734
93.93677347350456 87.13996909417077
76.01139003453548 66.62900410072557
54.63224631341881 71.46263557282107
59.62414289741314 25.14938354024945
38.99615355374152 90.4521967294688
79.62243697334638 91.84053836730558
73.06926942115864 51.80063932504254
28.03305422763985 67.73280597902036
51.2667516839189 12.746650573207896
45.011749615380495 63.9641998303273
65.79766463080631 64.76923155984625
36.94418275647892 20.872954273450826
62.5670294115263 40.412850081489246
72.64126496583346 87.45565956114756
45.76693645413212 4.4505497658476
92.87980127067085 65.83733518790685
21.02682692597897 67.07440382781118
42.557984268062235 68.92950445402941
68.01212659839558 51.54732052207256
17.781981514140888 35.21235273041952
95.23006693684388 82.50093647493384
97.01568790380632 72.7665502977951
64.78262340363862 93.77106467717373
61.52878794972917 4.332228529388216
76.95082375355146 1.6873806167794436
49.822486199700954 71.7556204589466
1.1041486398825517 18.44039224872769
79.82543541385743 95.15486438299725
53.33163003245288 47.38354369212575
4.935992540287836 24.481455324184754
95.20092008115594 55.01188212980273
97.09725461036591 94.26625957132603
38.35787567669712 67.92576204152651
33.69920945874505 98.91051112995098
81.88408427269734 8.028121694053569
46.270998744008565 1.9313120704588127
5.409566579703373 19.08917688881715
92.0117290527762 7.3863735387022516
74.2142631291538 10.570820694305738
62.498171765345624 0.41139057032371085
27.659832565707354 45.46042101153254
40.35761695755515 40.10657268709418
51.00388039132834 77.85091018347364
47.19297180928811 77.71564582353159
50.26663594035162 37.996802189729465
59.74438947469013 10.41732560492834
1.5156892536142719 98.69118523788781
24.64923784453138 54.00510190856542
54.81204283399559 38.17684191270665
22.47703430628657 59.17114594628391
1.4439804425909752 47.126947945365
71.92106807245885 97.6452375935083
24.171344351457257 27.363061277807
62.05824984820188 82.34096053375846
5.149992465607999 19.32221824069761
51.51051908163794 45.77720657035486
35.528268213017085 46.84542577190628
7.310994308672846 6.193904431323139
97.13451082120831 60.7919604489505
93.49324530131028 72.14622672744996
12.364457718076194 80.51095290529877
23.78086886247176 74.3161455398058
36.36380214808083 4.50142218751981
77.08072160341189 69.48962946734238