16 296
FXcKIGfuYN 78.77252685786182 66.28022548519077
NnuuO 63.875331724855855 91.42328752217412
KsdTydCFpP 3.4321970324885487 59.07686435640519
sDaPOH 44.45625967199103 52.05224669974494
xxta 87.10979680716103 81.31131411239463
KdMcSCGN 82.4973629482345 39.02066089050849
cSiFh 0.973915023512617 65.41830692442086
LWz 3.7735194341813716 96.4282476009081
JqZKognBtf 55.52269276876872 48.39550326355698
oktzMzP 2.325359086874146 59.214654628276755
VASxhsRuA 50.739340661018176 22.734745432830106
rwU 65.75937545092393 20.378876251908196
UDebblyj 66.12240189484727 73.27016531095353
bBtSW 28.578575068089286 65.45218312588688
PROXzBq 14.883637110392522 58.221248995728125
rxTXbvRbd 28.00102128079175 7.300652144937747
33.55948667220899 34.89132408214902
34.09446231543166 36.573610338157266
51.86581605569487 0.06640541345873663
65.04662323394682 43.04721721843837
72.54322205441686 36.08297809539862
14.938443774035115 38.55294021919228
85.23522364211486 87.94255091976011
35.9682760404593 46.475245933497725
96.77698827075831 12.20750080540185
73.25865679346845 30.594495001117206
20.797141354948078 38.37007527281487
89.48684352206483 70.79953710273725
93.63381107714827 6.796837322268434
99.77775085795106 74.6892940976977
16.755207806232676 80.74822047482392
14.411403055814242 76.10320281613684
80.5652732172338 14.621293857151308
71.25437257182111 99.23231782409977
5.24998432127064 18.025628632864642
62.94115814217669 5.227131249092675
38.06553382723609 51.12277290647056
57.04951028993415 10.394164203389366
54.63008772335358 94.43693039101471
75.45138904091785 69.27206475160841
88.00918829805833 73.29340181256717
4.815230395059034 40.261432296998436
11.206368460615879 38.44135088183517
84.71543693184562 12.98314631716444
40.60648247634659 81.15092426490096
20.219087455763464 23.337012976464088
72.87552077867295 90.80026936656824
96.24737492294805 64.00615466449645
75.29217005813332 18.646928013707953
15.925081647153982 23.18559301731552
26.961744195673486 24.908692864930202
41.77967672391326 46.205960624428265
15.151067396441986 60.98028833685427
83.25857537044237 52.23923287391171
36.43602788065618 32.27104228747465
70.11751467640217 49.19932651446681
64.82571050301301 4.839819804223778
18.902798241646636 31.40868018518236
29.981446707347693 16.93673243637407
8.877879214144624 92.81694504558527
52.796202957005576 72.13213926910673
64.80033658209352 76.40013748233491
7.447489586500389 24.15190788746493
19.849812255171784 77.88583229196398
33.49292789380785 79.88738024137035
3.762804859563096 41.154588772313616
9.56106900959316 24.529782817616407
82.4061859317718 54.917311875176225
75.94848239947129 64.40126867742352
11.37479838306571 30.999331936191243
20.52945468646279 10.694673937598653
98.68800827963777 67.74698043567602
12.459397339867284 38.75288868347037
59.978719989896156 93.67420632606195
44.58359898718375 59.72116837087711
33.66905730254 20.523496709152568
8.01250302711064 35.15716292226424
15.390717350254778 13.040336949100473
95.17402220590463 51.17283131373641
67.18382945397059 7.947621239817981
89.90475646879054 76.5823138540518
50.96305808707265 63.03072507479774
17.44093360253981 59.650730453286684
62.72844760536501 59.27223215582654
17.52032354951636 90.51383099966695
90.60785165747728 55.96784593442341
35.20252459209355 7.703679184949097
53.714327094766944 83.17362000659352
83.03215828020082 89.66701557594907
64.6981989086018 34.84446155127232
45.67396459675174 2.783790106385853
35.52956403936515 35.91643553854116
56.54123196594823 20.761267286724838
84.79698164479024 52.12481142819436
29.439431648185188 0.32509678075224313
74.33525108305923 89.2933274383373
9.405627343358347 4.141041424341186
72.1426452907962 84.46959744189851
41.12168175571003 77.69920206155318
43.155985680526584 18.323726455252075
41.150360261970405 11.585347307868343
65.09088943972245 14.298494171980725
54.95335854757211 54.53067489253842
64.41986187342691 3.620907884943936
89.74874284421907 63.017986464577035
91.77303560304382 63.779263582575005
21.159561049218254 26.933893823743183
86.01120783802244 15.577145689422744
79.52429040805833 96.16507021149594
82.03467722349191 96.0432073778733
20.432670607423397 94.04571828303706
1.745418346332428 99.33596461024841
90.35984387411922 41.651447067376765
13.438752852076219 90.58188657784487
40.329517648766675 11.877934456610728
76.82093610751592 25.25355754355636
99.08861776437256 17.12551197348452
2.537437937994891 14.100841716526158
54.168296616421316 79.80796201970396
29.888443813321096 3.2789226425252616
7.257715779991147 56.66436382180772
78.30642929523309 40.44014762329121
99.74208122217738 20.135944290946696
86.82861511441764 85.74545390395807
47.174047860601206 53.26705954704577
45.99274966591632 16.049664556823807
11.562558122201416 15.21493614488978
59.54073580339782 91.07332448510526
49.51004592283675 34.46368356431356
46.670745235697844 92.0545119036448
78.431201258288 9.40205044231368
83.89668401497192 55.958947045840915
97.9378895783975 97.87861704614437
53.56625515477167 18.925138535710083
43.68302582173516 61.06347778179669
33.6623759543406 85.90109740359821
76.55099524247157 81.77862022395895
97.87721771236325 73.26157197627519
89.9065282896977 6.307966936083376
27.569039185113798 36.456807951636314
23.79735786018641 87.01936496501862
24.510109856337813 20.55020600912161
85.70535866367496 44.344317440317624
28.68560004087066 82.77897430477607
40.04641327273548 62.67227750345894
15.986599362348663 0.1394696852024757
32.01502009744256 86.93831695125336
3.1034661206288505 64.33019225684126
39.03532138876018 40.87581940626238
79.16646743021931 24.798695295690354
56.25716703671411 92.11698588274928
44.37283249332743 73.47678726676034
83.25060288489546 59.76469215092669
57.192348037951234 40.625353204692985
96.67277620558554 49.21927727068035
71.75588369722405 2.3038436330612644
42.044404949391634 37.62388360908464
23.00879927326347 96.0157155558299
67.54779435767134 86.22380947537816
67.88758049986757 44.268963023923355
10.830104508034156 35.87945571680192
26.8199301881742 14.335417634756698
27.36544774120531 31.734236164873753
6.785309852478127 30.59721681330243
50.33369300341334 50.259012059036976
2.130048918716576 99.37819870895133
59.881019759983744 88.02788098479364
28.86084530058335 77.34506341424463
51.871825679557496 7.535655734144098
97.10519329428027 24.102951401637597
48.879796210384775 37.420425113427534
58.71828823425541 49.99971844537515
65.9563980665791 97.7715259631573
3.6540379924558164 56.84556334040892
79.08023426295884 52.92320211559186
71.03103884089829 35.99819322966974
62.97122191754963 17.6577950465438
84.26961492875171 61.06674456631719
43.93382491378415 54.726115847767865
97.23949644422719 4.580390849440841
2.3599185368596065 21.9154719281384
86.26296053235606 43.31432475533795
80.2776329539077 58.04660965971558
21.58301641010405 64.89081839257437
11.61960279523746 72.80497304101915
76.39898874844475 39.97312952423214
47.09428003353272 15.14356926209609
40.57613872651088 79.27239025602947
61.763055367055465 18.880398491708473
12.12866200167223 36.117280719568775
36.8162972239344 44.73295825084167
49.95136488458116 34.40521036413451
88.47193157571563 82.97466057707521
93.71156841403818 96.24310867119081
89.24549750548792 87.68002745687001
85.15778978805444 22.88372731405739
29.216656355341165 87.36054471683875
63.6424196477123 60.10089074123531
4.7931753649153475 21.299412153611485
43.372344067197034 52.4948171778591
73.79003296579778 36.81111604272235
70.52908189758328 91.45812529333611
28.665518066581797 14.206698753569679
84.93141115877343 18.704411341336048
27.0901467450955 36.916433452904506
19.59971337655242 66.32780343944673
83.60002312382548 22.86985365799201
26.00079864795316 81.3211265530586
34.08431302933403 32.61152493391572
24.503306415577363 65.68310396966227
42.25584962741482 28.01825408946127
83.71759056650674 73.41311923836184
75.3109265328954 25.31375548966888
19.24997941493809 75.66700101435679
4.509565496834112 91.1503283269171
35.454661285043066 55.055879220522655
64.68245929532442 30.060822358017404
91.99308524636294 35.939055260436035
15.310725968311967 69.73163817052637
55.7140022135555 12.890881554793909
88.8531964874586 28.65100155989827
26.040656401278618 86.19206426643046
37.603224236091556 90.32596594203326
40.690094831788834 39.50985708352398
59.883950326284165 61.99216197541625
92.90576970976308 85.08743109542355
62.35363205470937 55.74552572212937
50.348362747224385 64.47462116346246
85.44795406324937 99.072902441496
80.86741006101677 17.867487744995202
8.485947910337032 24.727328148650663
34.34382229892532 71.54571449774471
16.51866642115226 96.72106354656714
93.89517191625278 61.58246018330683
47.881890680832115 37.90779962691412
97.18944429694035 22.39931526169364
17.376701798102843 7.255406720652868
90.34657874115759 76.46863735811291
66.4332155894086 54.940930949587276
1.3810854893178126 59.01528223864735
47.99772317292972 70.32139672007752
42.86103838518775 67.42984495226987
95.5761448311629 83.37752528677106
74.65289105231514 46.81970061794024
47.79319002992386 82.0073772288535
58.70837069558683 95.68900242924391
59.09072686656932 67.35247257736529
48.04567181320948 61.67299281075049
32.62582386354722 5.440236186215641
45.269111259921644 81.45329932592841
63.343688923620014 87.80422598748369
67.16573266518347 15.489987369155012
87.52943151802788 50.35348335683592
35.15480533960219 46.38307348114999
44.5988226070924 65.64645204654911
92.34515453426233 2.581902750621079
63.18430748285698 45.673576491228786
77.58781839166699 14.580874992418257
82.71871147478346 17.970475733076896
91.00352083591643 92.83575425055012
65.39956664840987 11.758347173952133
29.383133209029754 25.526945674319457
4.775914972027029 54.499691898280865
25.85787428962184 48.84852279166012
59.61864658413363 20.288111314091918
10.674413689916506 36.88039215461577
23.35686680865511 78.7372407768273
51.21283934793615 36.67523174745311
27.394181084651215 64.21205888369076
75.6600529087921 90.4748610035654
31.171730579939382 38.07641706406949
45.490337342893184 32.901622437692225
22.394077631577936 42.24859870152976
0.5294312643579824 24.161659915290244
25.705754114527323 81.90598492274697
26.687897967887807 59.200945582842316
90.32505082016347 98.80972141707288
33.33727609468359 13.582054189615056
19.17376338529847 56.706524960825476
74.89968133251132 10.827512583809696
41.70341003308566 17.39268956534026
17.25022144611551 8.049384456391916
25.84179988536014 99.73505172780669
80.83655750250865 59.005312074427806
31.83086784161099 78.26037440245302
2.7516910622446322 80.29598761788534
52.965540161078636 29.213534421231003
78.07750878580737 59.76977787047858
67.32393747163155 6.458490958968399
37.97552531777928 53.99204559547477
87.89689588245454 13.270980077145156
78.13872589880766 39.536199899787604
89.57085023869199 80.22959522707444
64.02913940698224 49.977480488877426
46.286332445698896 35.84165136884098
9.420349349318036 60.68087274114304
99.38828736100598 59.362381300265696
2.5026892703245207 17.68734600006957
48.56269636780044 54.491792594842856
40.86574917671489 42.95544475932008
54.04944936771161 41.0932807733405
64.83345850235241 67.45170534241167
36.41490813498067 4.78341264807095
66.23716960796759 84.4965621426797
8.465228159525939 60.316228904577244
2.205961314314886 43.53305216662914
11.356187040740584 29.535033815858313
17.593491964800446 54.37362972337223
28.834497928250848 87.74464306792179
54.43912609225904 90.00108589284606
66.68859542703757 34.679442863208656
18.563412027773406 39.268086362420675